k=2:
iter 0: [0., 0., 0.], [0.07, 0.06, 0.09]
iter 1: [0.01, 0.01, 0.01], [0.41, 0.36, 0.32]
iter 2: [0.06, 0.05, 0.06], [0.58, 0.51, 0.44]
iter 3: [0.08, 0.07, 0.07], [0.63, 0.55, 0.46]
iter 4: [0.08, 0.07, 0.08], [0.64, 0.56, 0.47]
iter 5: [0.09, 0.07, 0.08], [0.64, 0.56, 0.47]
iter 6: [0.09, 0.07, 0.08], [0.64, 0.56, 0.47]
iter 7: [0.09, 0.07, 0.08], [0.64, 0.56, 0.47]
iter 8: [0.09, 0.07, 0.08], [0.64, 0.56, 0.47]
iter 9: [0.09, 0.07, 0.08], [0.64, 0.56, 0.47]
iter 10: [0.09, 0.07, 0.08], [0.64, 0.56, 0.47]
k=4:
iter 0: [0.72, 0.64, 0.54], [0.49, 0.41, 0.33], [0.02, 0., 0.], [0.17, 0.16, 0.18]
iter 1: [0.72, 0.64, 0.55], [0.5, 0.42, 0.34], [0.03, 0.03, 0.03], [0.18, 0.16, 0.16]
iter 2: [0.72, 0.64, 0.55], [0.5, 0.43, 0.35], [0.04, 0.03, 0.04], [0.19, 0.17, 0.17]
iter 3: [0.72, 0.65, 0.55], [0.51, 0.44, 0.36], [0.04, 0.03, 0.04], [0.21, 0.18, 0.18]
iter 4: [0.72, 0.65, 0.55], [0.52, 0.44, 0.36], [0.04, 0.03, 0.04], [0.22, 0.19, 0.19]
iter 5: [0.72, 0.65, 0.55], [0.52, 0.45, 0.36], [0.04, 0.03, 0.04], [0.23, 0.2, 0.19]
iter 6: [0.73, 0.65, 0.56], [0.52, 0.45, 0.37], [0.04, 0.03, 0.04], [0.23, 0.2, 0.19]
iter 7: [0.73, 0.65, 0.56], [0.53, 0.45, 0.37], [0.04, 0.03, 0.04], [0.23, 0.21, 0.19]
iter 8: [0.73, 0.65, 0.56], [0.53, 0.46, 0.37], [0.04, 0.03, 0.04], [0.24, 0.21, 0.2]
iter 9: [0.73, 0.66, 0.56], [0.53, 0.46, 0.38], [0.04, 0.03, 0.04], [0.24, 0.21, 0.2]
iter 10: [0.73, 0.66, 0.56], [0.54, 0.46, 0.38], [0.04, 0.04, 0.04], [0.24, 0.21, 0.2]
k=8:
iter 0: [0.01, 0.01, 0.03], [0.14, 0.12, 0.12], [0.47, 0.4, 0.32], [0., 0., 0.02], [0.5, 0.43, 0.34], [0.09, 0.09, 0.11], [0.54, 0.45, 0.36], [0.44, 0.37, 0.29]
iter 1: [0.03, 0.03, 0.03], [0.18, 0.17, 0.17], [0.47, 0.4, 0.32], [0., 0., 0.01], [0.5, 0.43, 0.35], [0.08, 0.07, 0.09], [0.68, 0.6, 0.51], [0.38, 0.31, 0.26]
iter 2: [0.04, 0.03, 0.04], [0.19, 0.17, 0.18], [0.46, 0.39, 0.31], [0.01, 0., 0.01], [0.54, 0.47, 0.38], [0.09, 0.08, 0.09], [0.71, 0.64, 0.54], [0.36, 0.3, 0.25]
iter 3: [0.04, 0.03, 0.04], [0.2, 0.18, 0.18], [0.46, 0.39, 0.31], [0.01, 0., 0.01], [0.57, 0.49, 0.41], [0.09, 0.08, 0.09], [0.73, 0.65, 0.56], [0.34, 0.29, 0.24]
iter 4: [0.04, 0.03, 0.04], [0.19, 0.18, 0.18], [0.46, 0.39, 0.31], [0.01, 0., 0.01], [0.59, 0.51, 0.42], [0.09, 0.09, 0.1], [0.74, 0.67, 0.57], [0.34, 0.28, 0.24]
iter 5: [0.05, 0.04, 0.05], [0.19, 0.18, 0.18], [0.47, 0.4, 0.32], [0.01, 0., 0.01], [0.6, 0.53, 0.44], [0.1, 0.09, 0.1], [0.75, 0.67, 0.58], [0.33, 0.28, 0.24]
iter 6: [0.05, 0.04, 0.05], [0.19, 0.18, 0.18], [0.48, 0.41, 0.33], [0.01, 0.01, 0.01], [0.61, 0.54, 0.45], [0.1, 0.09, 0.1], [0.76, 0.68, 0.59], [0.33, 0.28, 0.24]
iter 7: [0.05, 0.04, 0.05], [0.2, 0.18, 0.18], [0.49, 0.41, 0.33], [0.01, 0.01, 0.01], [0.62, 0.54, 0.45], [0.1, 0.09, 0.11], [0.76, 0.69, 0.59], [0.34, 0.28, 0.24]
iter 8: [0.05, 0.04, 0.05], [0.2, 0.18, 0.18], [0.49, 0.42, 0.34], [0.01, 0.01, 0.01], [0.63, 0.55, 0.46], [0.11, 0.1, 0.11], [0.76, 0.69, 0.6], [0.34, 0.29, 0.24]
iter 9: [0.05, 0.04, 0.05], [0.2, 0.18, 0.18], [0.5, 0.42, 0.34], [0.01, 0.01, 0.01], [0.63, 0.56, 0.47], [0.11, 0.1, 0.11], [0.77, 0.7, 0.6], [0.35, 0.29, 0.24]
iter 10: [0.05, 0.04, 0.06], [0.2, 0.19, 0.19], [0.51, 0.43, 0.35], [0.01, 0.01, 0.01], [0.64, 0.56, 0.47], [0.11, 0.1, 0.11], [0.77, 0.7, 0.6], [0.35, 0.3, 0.25]
k=16:
iter 0: [0.61, 0.56, 0.45], [0.47, 0.38, 0.33], [0.65, 0.57, 0.49], [0.08, 0.07, 0.1], [0.06, 0.03, 0.02], [0.08, 0.07, 0.09], [0.07, 0.07, 0.09], [0.01, 0.01, 0.02], [0., 0., 0.01], [0.86, 0.78, 0.69], [0.6, 0.52, 0.42], [0.01, 0.01, 0.02], [0.78, 0.69, 0.6], [0.3, 0.21, 0.12], [0.3, 0.26, 0.24], [0.65, 0.61, 0.5]
iter 1: [0.62, 0.55, 0.46], [0.47, 0.39, 0.32], [0.66, 0.57, 0.48], [0.12, 0.11, 0.13], [0.06, 0.04, 0.03], [0.1, 0.08, 0.08], [0.06, 0.06, 0.07], [0.02, 0.02, 0.03], [0., 0., 0.], [0.85, 0.78, 0.69], [0.57, 0.49, 0.41], [0.02, 0.01, 0.01], [0.76, 0.69, 0.59], [0.22, 0.18, 0.16], [0.29, 0.26, 0.24], [0.69, 0.62, 0.52]
iter 2: [0.62, 0.54, 0.45], [0.46, 0.39, 0.31], [0.66, 0.58, 0.48], [0.13, 0.12, 0.14], [0.06, 0.04, 0.03], [0.1, 0.08, 0.09], [0.06, 0.06, 0.07], [0.03, 0.02, 0.04], [0., 0., 0.], [0.85, 0.78, 0.68], [0.56, 0.48, 0.4], [0.02, 0.01, 0.01], [0.76, 0.69, 0.59], [0.21, 0.18, 0.18], [0.31, 0.27, 0.24], [0.7, 0.62, 0.53]
iter 3: [0.61, 0.54, 0.45], [0.46, 0.39, 0.31], [0.66, 0.58, 0.49], [0.14, 0.12, 0.14], [0.07, 0.04, 0.02], [0.09, 0.08, 0.1], [0.06, 0.05, 0.07], [0.03, 0.03, 0.04], [0., 0., 0.], [0.84, 0.78, 0.68], [0.55, 0.48, 0.39], [0.02, 0.01, 0.02], [0.76, 0.69, 0.59], [0.21, 0.19, 0.19], [0.32, 0.27, 0.24], [0.7, 0.63, 0.53]
iter 4: [0.61, 0.53, 0.45], [0.46, 0.38, 0.31], [0.66, 0.58, 0.49], [0.14, 0.13, 0.14], [0.08, 0.04, 0.02], [0.09, 0.09, 0.1], [0.06, 0.05, 0.07], [0.03, 0.03, 0.04], [0., 0., 0.], [0.84, 0.78, 0.68], [0.55, 0.47, 0.39], [0.02, 0.01, 0.02], [0.77, 0.69, 0.6], [0.21, 0.19, 0.19], [0.33, 0.28, 0.24], [0.71, 0.63, 0.54]
iter 5: [0.61, 0.53, 0.44], [0.45, 0.38, 0.31], [0.66, 0.58, 0.49], [0.14, 0.13, 0.14], [0.08, 0.04, 0.01], [0.1, 0.09, 0.1], [0.06, 0.06, 0.07], [0.03, 0.03, 0.04], [0., 0., 0.], [0.85, 0.78, 0.68], [0.54, 0.47, 0.38], [0.02, 0.01, 0.02], [0.77, 0.69, 0.6], [0.21, 0.19, 0.2], [0.33, 0.28, 0.24], [0.71, 0.63, 0.54]
iter 6: [0.6, 0.53, 0.44], [0.45, 0.38, 0.3], [0.66, 0.58, 0.49], [0.15, 0.13, 0.14], [0.09, 0.04, 0.01], [0.1, 0.09, 0.1], [0.06, 0.06, 0.07], [0.03, 0.03, 0.04], [0., 0., 0.], [0.85, 0.78, 0.68], [0.54, 0.46, 0.38], [0.02, 0.01, 0.02], [0.77, 0.7, 0.6], [0.22, 0.2, 0.2], [0.34, 0.28, 0.24], [0.71, 0.64, 0.54]
iter 7: [0.6, 0.53, 0.44], [0.45, 0.38, 0.3], [0.66, 0.58, 0.49], [0.15, 0.14, 0.14], [0.09, 0.04, 0.01], [0.1, 0.09, 0.1], [0.06, 0.06, 0.07], [0.04, 0.03, 0.04], [0., 0., 0.], [0.85, 0.78, 0.68], [0.54, 0.46, 0.38], [0.02, 0.01, 0.02], [0.77, 0.7, 0.6], [0.22, 0.2, 0.2], [0.34, 0.28, 0.24], [0.71, 0.64, 0.54]
iter 8: [0.6, 0.53, 0.44], [0.45, 0.38, 0.3], [0.66, 0.58, 0.49], [0.15, 0.14, 0.15], [0.09, 0.04, 0.01], [0.1, 0.09, 0.11], [0.06, 0.06, 0.07], [0.04, 0.03, 0.05], [0., 0., 0.], [0.85, 0.78, 0.68], [0.54, 0.46, 0.38], [0.02, 0.01, 0.02], [0.77, 0.7, 0.6], [0.23, 0.2, 0.2], [0.34, 0.29, 0.24], [0.71, 0.64, 0.54]
iter 9: [0.6, 0.52, 0.44], [0.45, 0.38, 0.3], [0.66, 0.58, 0.49], [0.16, 0.14, 0.15], [0.09, 0.04, 0.01], [0.1, 0.09, 0.11], [0.06, 0.06, 0.07], [0.04, 0.03, 0.05], [0., 0., 0.], [0.85, 0.78, 0.69], [0.53, 0.46, 0.38], [0.02, 0.01, 0.02], [0.77, 0.7, 0.6], [0.23, 0.21, 0.2], [0.35, 0.29, 0.24], [0.71, 0.64, 0.54]
iter 10: [0.6, 0.52, 0.44], [0.45, 0.38, 0.3], [0.66, 0.58, 0.49], [0.16, 0.14, 0.15], [0.09, 0.04, 0.01], [0.1, 0.09, 0.11], [0.07, 0.06, 0.07], [0.04, 0.03, 0.05], [0., 0., 0.], [0.85, 0.78, 0.69], [0.53, 0.46, 0.37], [0.02, 0.01, 0.02], [0.77, 0.7, 0.6], [0.23, 0.21, 0.21], [0.35, 0.29, 0.24], [0.71, 0.64, 0.54]